100 722269760
272967391 859
820218323 278
508797157 983
97470970 270
590191287 294
171501153 414
41774816 305
467972710 163
932315450 930
342643731 582
535636101 872
19785747 666
260193375 355
748769805 418
745353974 249
139346988 19
106424080 960
295897346 616
942472325 394
884754170 533
686517087 57
945931327 729
360615082 414
890431129 293
342909913 234
874263915 879
104241172 895
544012886 365
248900657 293
781511774 995
540867348 921
12575995 648
880424071 309
262512664 823
701841657 148
355560006 389
203522156 302
116650646 565
715395368 8
857067768 59
240156634 732
936851294 345
625381344 481
708832352 875
773646870 491
868536630 315
411202887 882
961805644 292
189585965 225
114523352 892
371585141 471
279786365 576
771574691 397
139244533 487
403518784 997
545275339 644
727643982 483
988073224 354
962990813 697
227307325 737
187249702 96
51151899 599
976956578 13
890079545 167
237275851 5
57970163 609
474686254 338
183968288 247
734193537 324
733231002 138
319525120 279
781387739 48
760632973 770
400194426 724
466366538 628
460261467 654
723345705 512
252068827 701
524370909 143
866844825 762
146751267 925
370507751 622
262571515 555
867698466 997
877688859 601
134477372 198
879435808 916
244383079 641
685326073 645
363692566 152
272079255 824
805308850 996
335367398 58
695727242 860
199526047 563
621385065 347
487387053 992
967714835 750
546368854 836
746723618 425
